gnssbox/ioGnss/Example/uprg0010.22i
     1.0            IONOSPHERE MAPS     GPS                 IONEX VERSION / TYPE
map2ionex           UPC-IonSAT          2 January 2022 17:16PGM / RUN BY / DATE 
Raw map                                                     COMMENT             
Global ionosphere raw maps for day 001, 2022                DESCRIPTION         
Modeled independently for each station with a 3D voxel      DESCRIPTION         
model: 72x9x2 cells in local time, latitude and height      DESCRIPTION         
The height boundaries are: 59-739-1419 km                   DESCRIPTION         
The estimates have NOT been interpolated                    DESCRIPTION         
See for instance: Hernandez-Pajares, Juan, Sanz and Sole,   DESCRIPTION         
JGR, Vol.103, N.A9, 20789-20796, 1998                       DESCRIPTION         
Contact e-mail: manuel@ma4.upc.edu  Plots at:               DESCRIPTION         
ftp://g1.upc.es/upc_ionex/                                  DESCRIPTION         
  2022     1     1     0     0     0                        EPOCH OF FIRST MAP  
  2022     1     1    23    59    24                        EPOCH OF LAST MAP   
  7200                                                      INTERVAL            
    13                                                      # OF MAPS IN FILE   
  NONE                                                      MAPPING FUNCTION    
     0.0                                                    ELEVATION CUTOFF    
Phase differences (L1-L2)                                   OBSERVABLES USED    
    48                                                      # OF STATIONS       
   105                                                      # OF SATELLITES     
  6371.0                                                    BASE RADIUS         
     2                                                      MAP DIMENSION       
   450.0 450.0   0.0                                        HGT1 / HGT2 / DHGT  
    87.5 -87.5  -2.5                                        LAT1 / LAT2 / DLAT  
  -180.0 180.0   5.0                                        LON1 / LON2 / DLON  
    -1                                                      EXPONENT            
TEC values in 0.1 tec units;  9999, if no value available   COMMENT             
DIFFERENTIAL CODE BIASES: DCBs vanish                       COMMENT             
in our approach, so we can compute them                     COMMENT             
as post-fit residuals                                       COMMENT             
IGS GPS stations used in the computations:                  COMMENT             
abpo aruc bamf bogt bshm chpg chu2 cusv dra4 dubo eur2 falk COMMENT             
flin frdn glps hksl hkws hlfx holb iisc iqal kokb madr mayg COMMENT             
mbar nlib nrc1 owmg picl pie1 pimo pol2 prd3 ptbb rabt sant COMMENT             
sch2 sthl suth svtl tro1 vald whit will yel3 ykro zeck zim2 COMMENT             
                                                            END OF HEADER       
[from data line 5148]
    13                                                      START OF TEC MAP    
  2022     1     2     0     0     0                        EPOCH OF CURRENT MAP
    87.5-180.0 180.0   5.0 450.0                            LAT/LON1/LON2/DLON/H
   63   63   60   60   59   58   58   58   58   58   58   58   56   56   56   57
   58   60   59   59   60   59   59   59   59   59   57   57   57   55   56   54
   54   53   52   53   53   53   53   53   53   54   54   54   54   54   56   56
   56   58   58   58   59   59   60   60   61   62   62   63   64   64   64   65
   65   65   65   65   65   64   63   62   63
    85.0-180.0 180.0   5.0 450.0                            LAT/LON1/LON2/DLON/H
   53   52   52   53   54   54   57   58   58   61   61   59   58   60   56   52
   51   50   49   50   51   52   54   55   52   50   51   52   53   55   56   56
   56   55   55   54   54   54   54   54   54   54   54   53   53   53   53   53
   54   55   55   55   56   57   59   59   60   61   61   63   63   63   64   64
   63   63   62   60   59   59   56   54   53
    82.5-180.0 180.0   5.0 450.0                            LAT/LON1/LON2/DLON/H
   55   55   54   53   55   56   60   60   65   65   67   67   64   64   62   61
   61   60   58   56   49   47   50   49   50   52   53   55   54   55   55   54
   54   52   52   49   49   48   47   48   47   49   49   50   51   50   51   52
   52   53   54   54   55   56   58   59   60   60   61   62   63   64   64   64
   64   63   62   61   59   58   58   56   55
    80.0-180.0 180.0   5.0 450.0                            LAT/LON1/LON2/DLON/H
   63   60   68   72   85   85   94   87   85   84   78   70   67   64   60   59
   59   58   58   59   59   58   50   55   54   54   54   54   54   53   52   50
   47   46   45   44   44   42   41   41   41   41   43   44   46   47   48   50
   51   52   53   54   55   56   58   59   60   61   62   63   64   65   66   66
   67   67   66   67   66   66   63   63   63
    77.5-180.0 180.0   5.0 450.0                            LAT/LON1/LON2/DLON/H
   80   92   97  110  116  114  112  102   97   91   85   84   79   73   67   62
   59   58   58   57   55   50   57   47   42   40   41   48   50   53   53   52
   50   46   44   41   41   37   36   34   34   33   35   38   40   43   45   48
   49   51   52   54   56   57   58   60   61   62   63   64   66   67   69   71
   72   72   74   74   77   76   77   82   80
    75.0-180.0 180.0   5.0 450.0                            LAT/LON1/LON2/DLON/H
  107  116  123  129  130  123  116  107  103  101  103   92   79   68   64   62
   60   60   59   53   50   53   58   55   49   49   42   40   40   40   43   47
   47   46   43   39   39   34   31   30   28   27   29   32   36   39   43   46
   49   51   53   55   56   57   59   61   62   64   65   66   70   71   73   75
   77   78   82   84   88   89   94   97  107
    72.5-180.0 180.0   5.0 450.0                            LAT/LON1/LON2/DLON/H
  117  122  129  130  128  120  113  112  116  112  102   84   77   73   68   66
   63   59   51   50   51   55   58   55   51   50   50   45   40   37   37   39
   41   41   41   39   39   32   29   27   26   26   27   31   34   38   42   45
   48   52   53   55   58   59   60   62   64   66   67   71   73   75   77   81
   84   85   87   92   94  100  106  111  117
    70.0-180.0 180.0   5.0 450.0                            LAT/LON1/LON2/DLON/H
  117  122  125  126  123  120  118  121  119  112  108   97   85   75   69   64
   60   51   49   50   53   55   58   54   51   48   48   46   41   36   33   31
   31   35   36   37   37   32   29   28   27   28   30   32   36   39   44   47
   50   52   55   57   59   61   62   64   67   68   70   74   76   79   83   86
   90   92   94   97  101  104  109  115  117
    67.5-180.0 180.0   5.0 450.0                            LAT/LON1/LON2/DLON/H
  119  121  124  125  123  120  119  121  116  118  111  101   92   81   72   70
   62   52   51   51   54   56   56   51   49   44   44   41   38   33   29   28
   26   26   28   32   32   30   30   31   30   31   31   34   38   41   44   48
   50   54   56   58   60   62   64   66   68   71   73   77   79   82   88   91
   96   99  102  106  107  113  115  119  119
    65.0-180.0 180.0   5.0 450.0                            LAT/LON1/LON2/DLON/H
  125  125  128  126  124  122  121  119  116  117  112  104  100   98   88   82
   70   57   54   52   54   55   52   47   46   41   39   36   33   29   27   26
   24   22   23   27   27   25   25   31   32   31   32   35   38   42   46   49
   52   55   57   59   62   64   66   68   70   73   75   80   83   89   92   97
  104  107  113  116  117  121  123  125  125
    62.5-180.0 180.0   5.0 450.0                            LAT/LON1/LON2/DLON/H
  132  132  134  132  129  127  122  117  116  117  109  102  103  103   96   86
   76   59   53   50   52   49   47   44   42   37   35   34   30   26   23   25
   24   23   22   24   24   23   26   30   31   30   32   35   39   42   46   50
   52   55   57   60   62   65   66   69   71   75   77   82   85   92   96  104
  111  118  122  124  126  128  129  130  132
    60.0-180.0 180.0   5.0 450.0                            LAT/LON1/LON2/DLON/H
  140  139  139  140  135  131  126  122  119  112  100   96   98   90   84   86
   83   64   52   46   47   41   44   44   42   38   35   33   29   24   19   22
   27   28   26   28   28   26   27   30   28   28   30   35   38   42   47   50
   53   55   58   61   63   66   67   71   73   76   79   84   87   94   98  107
  114  123  129  133  136  138  137  137  140
    57.5-180.0 180.0   5.0 450.0                            LAT/LON1/LON2/DLON/H
  147  146  145  147  144  138  136  129  120  112  102   96   87   71   71   92
   89   65   57   49   46   40   44   45   44   40   36   33   29   24   17   19
   25   30   31   30   30   30   30   30   27   26   29   33   38   42   46   50
   52   55   58   60   63   65   68   71   73   78   80   85   89   96  104  109
  118  124  134  139  144  143  143  144  147
    55.0-180.0 180.0   5.0 450.0                            LAT/LON1/LON2/DLON/H
  150  150  150  154  152  146  140  133  121  114  109  106   95   76   75   84
   82   68   70   57   50   47   48   48   46   43   39   36   30   26   19   18
   21   25   30   31   31   34   35   33   28   27   29   34   37   41   46   49
   51   54   57   59   62   64   67   70   74   78   81   87   91   97  105  110
  119  127  136  147  150  149  149  148  150
    52.5-180.0 180.0   5.0 450.0                            LAT/LON1/LON2/DLON/H
  152  152  153  159  159  153  146  139  125  116  118  115  106   93   86   87
   86   82   78   63   56   54   53   52   49   46   42   37   32   27   24   23
   24   27   34   41   41   45   46   36   29   29   31   33   37   42   45   48
   50   52   55   57   59   62   67   69   74   79   82   88   94   98  106  113
  120  129  138  148  152  152  152  152  152
    50.0-180.0 180.0   5.0 450.0                            LAT/LON1/LON2/DLON/H
  155  156  156  161  162  158  152  143  133  122  124  124  112  107  104  101
   93   87   77   68   59   56   55   55   52   49   44   41   34   31   30   31
   31   39   49   56   56   56   50   40   31   32   33   36   40   43   45   47
   48   49   51   54   57   60   66   69   74   79   83   89   95  100  108  116
  121  130  141  147  153  154  155  154  155
    47.5-180.0 180.0   5.0 450.0                            LAT/LON1/LON2/DLON/H
  158  158  158  161  162  160  158  154  145  128  125  126  113  109  111  106
  100   91   82   72   65   59   57   57   55   52   48   44   38   37   39   46
   46   55   63   66   66   68   58   44   40   38   38   41   43   44   45   46
   47   47   47   49   53   59   65   68   74   80   84   90   97  102  110  118
  125  131  143  152  155  157  159  158  158
    45.0-180.0 180.0   5.0 450.0                            LAT/LON1/LON2/DLON/H
  161  160  158  158  159  157  159  160  151  137  131  134  120  109  111  108
  108  101   91   80   73   66   64   62   60   56   52   48   45   47   51   59
   61   70   75   72   72   71   60   51   50   48   46   47   46   46   46   47
   47   47   47   48   52   58   63   68   74   80   84   91   99  105  113  122
  130  135  147  155  159  161  164  163  161
    42.5-180.0 180.0   5.0 450.0                            LAT/LON1/LON2/DLON/H
  166  161  158  157  156  154  157  161  159  148  139  139  126  117  115  119
  117  108   95   86   80   76   74   71   65   59   56   54   54   54   61   70
   74   80   84   73   73   66   63   55   59   59   56   53   50   50   51   53
   53   52   50   51   54   59   62   67   73   81   85   93  102  110  118  128
  136  143  154  162  167  166  170  168  166
    40.0-180.0 180.0   5.0 450.0                            LAT/LON1/LON2/DLON/H
  172  168  163  160  156  155  158  163  164  155  147  142  137  127  122  129
  121  113   96   89   85   83   82   79   70   61   58   57   58   58   66   74
   83   85   86   77   77   64   64   65   68   66   63   59   58   61   63   64
   61   59   56   55   56   58   60   65   72   80   86   96  106  118  124  136
  145  155  166  172  177  175  176  174  172
    37.5-180.0 180.0   5.0 450.0                            LAT/LON1/LON2/DLON/H
  176  175  171  166  160  156  158  166  171  166  157  144  141  141  127  131
  127  121  102   94   91   89   88   82   73   63   59   59   62   66   72   77
   84   84   84   77   77   70   71   75   74   72   68   65   70   74   74   71
   67   63   58   56   55   56   57   61   70   79   87   99  111  125  133  147
  156  167  179  181  189  187  183  180  176
    35.0-180.0 180.0   5.0 450.0                            LAT/LON1/LON2/DLON/H
  183  181  180  175  167  161  161  167  176  181  169  152  151  154  139  137
  136  130  115  104   98   95   92   84   75   67   61   64   70   73   78   79
   80   77   78   74   74   78   77   79   75   74   73   73   77   80   78   73
   68   63   58   55   53   53   52   56   67   79   89  103  117  134  147  160
  172  183  191  196  204  201  194  187  183
    32.5-180.0 180.0   5.0 450.0                            LAT/LON1/LON2/DLON/H
  192  189  190  189  177  178  174  176  183  189  180  165  159  163  156  148
  143  139  129  117  107  102   97   88   80   74   70   70   74   77   80   81
   79   70   65   66   66   79   78   74   70   71   73   71   75   77   74   70
   66   60   56   53   50   49   47   52   65   79   91  107  124  144  163  180
  191  203  209  211  210  211  205  198  192
    30.0-180.0 180.0   5.0 450.0                            LAT/LON1/LON2/DLON/H
  208  194  198  209  203  196  190  194  194  194  191  178  169  169  165  158
  151  145  139  126  116  110  104   95   89   85   79   76   77   77   81   84
   83   73   61   61   61   74   72   67   66   67   67   65   65   69   64   61
   59   55   53   51   49   47   46   52   65   80   97  112  131  153  177  199
  216  233  251  229  209  205  202  210  208
    27.5-180.0 180.0   5.0 450.0                            LAT/LON1/LON2/DLON/H
  216  203  224  239  238  229  224  212  205  202  198  188  180  177  172  165
  160  152  145  133  124  118  112  105   99   97   90   83   83   82   86   88
   88   77   69   65   65   72   71   69   64   62   62   61   60   60   56   53
   51   50   50   50   49   48   49   56   68   84  102  117  138  162  189  217
  252  270  307  273  221  197  190  201  216
    25.0-180.0 180.0   5.0 450.0                            LAT/LON1/LON2/DLON/H
  221  235  284  301  286  270  253  233  219  212  206  197  190  183  181  175
  168  161  151  139  131  126  122  117  112  111  106   99   94   94   98   95
   90   80   76   74   74   75   76   75   65   58   58   58   57   55   53   50
   48   52   53   55   56   55   58   63   73   90  108  124  145  170  199  237
  278  317  378  355  296  251  209  201  221
    22.5-180.0 180.0   5.0 450.0                            LAT/LON1/LON2/DLON/H
  269  323  349  370  343  299  285  254  230  220  213  203  195  192  192  193
  180  169  155  143  136  135  133  128  127  127  126  123  136  122  125  111
   97   81   78   74   74   71   73   71   62   56   55   56   56   54   53   52
   52   56   62   66   67   67   68   70   80   98  116  131  151  175  204  241
  288  337  411  442  425  371  302  275  269
    20.0-180.0 180.0   5.0 450.0                            LAT/LON1/LON2/DLON/H
  338  364  399  432  402  347  301  273  246  231  220  214  207  205  207  211
  195  175  158  146  143  145  145  142  142  144  147  154  170  192  164  135
  111   87   77   69   69   61   63   64   60   56   56   56   55   54   55   54
   57   64   69   70   70   71   71   77   88  107  126  139  155  177  203  237
  283  340  413  491  524  483  417  372  338
    17.5-180.0 180.0   5.0 450.0                            LAT/LON1/LON2/DLON/H
  390  384  405  429  418  370  328  297  265  246  231  226  223  221  225  232
  213  185  164  153  152  158  159  156  157  161  167  187  217  249  199  156
  126  100   82   65   65   55   59   61   61   59   57   57   55   55   58   60
   61   65   66   65   64   66   71   78   92  113  134  146  159  175  197  226
  267  318  394  467  510  509  484  432  390
    15.0-180.0 180.0   5.0 450.0                            LAT/LON1/LON2/DLON/H
  406  391  394  404  404  379  348  321  290  264  245  237  240  238  239  252
  222  196  173  164  167  173  173  169  171  176  184  202  233  262  211  148
  129  110   96   62   62   56   60   65   64   63   61   60   58   61   63   62
   62   65   65   63   59   61   71   80   96  117  138  150  159  171  189  211
  246  289  351  407  462  485  475  444  406
    12.5-180.0 180.0   5.0 450.0                            LAT/LON1/LON2/DLON/H
  394  381  373  381  385  377  361  343  319  292  269  254  253  268  270  269
  234  214  189  182  185  190  187  180  181  186  193  195  204  207  166  135
  127  115  105   72   72   62   67   70   71   70   69   70   70   72   69   67
   67   70   68   61   55   52   66   82   99  120  140  150  157  166  179  196
  223  259  308  349  392  414  429  420  394
    10.0-180.0 180.0   5.0 450.0                            LAT/LON1/LON2/DLON/H
  362  358  359  368  373  374  368  367  345  321  315  280  280  300  310  287
  259  249  220  213  210  210  203  189  186  189  189  171  161  150  133  126
  125  119  115   95   95   77   80   83   82   82   83   86   88   82   75   75
   74   70   62   54   53   47   60   82  100  122  142  150  155  160  170  182
  202  232  269  300  333  354  379  380  362
     7.5-180.0 180.0   5.0 450.0                            LAT/LON1/LON2/DLON/H
  327  332  337  350  359  374  385  385  383  365  343  330  315  326  337  327
  307  298  268  258  246  238  219  199  188  185  175  156  146  137  130  130
  137  134  127  109  109   93   95   97   98   96   97   97   94   88   80   76
   71   62   46   46   48   48   58   76   99  121  141  149  151  155  162  170
  185  210  238  261  285  303  327  334  327
     5.0-180.0 180.0   5.0 450.0                            LAT/LON1/LON2/DLON/H
  293  303  313  330  345  369  394  411  415  399  386  379  355  361  382  386
  370  353  324  315  293  276  246  220  200  191  178  171  163  155  153  156
  165  155  140  119  119  106  108  110  108  106  105   99   92   83   72   72
   62   53   40   40   41   47   58   76   95  118  136  144  147  150  157  162
  172  193  213  231  248  263  283  292  293
     2.5-180.0 180.0   5.0 450.0                            LAT/LON1/LON2/DLON/H
  262  276  288  305  329  360  395  428  438  427  420  422  404  403  418  428
  422  405  377  372  344  319  282  253  234  232  217  197  186  184  193  195
  198  176  146  125  125  114  119  121  113  113  107   99   89   77   68   63
   57   49   41   38   39   45   58   75   95  113  130  139  144  147  152  157
  165  186  194  212  218  232  249  257  262
