gnssbox/ioGnss/Example/uprg0010.22i
     1.0            IONOSPHERE MAPS     GPS                 IONEX VERSION / TYPE
map2ionex           UPC-IonSAT          2 January 2022 17:16PGM / RUN BY / DATE 
Raw map                                                     COMMENT             
Global ionosphere raw maps for day 001, 2022                DESCRIPTION         
Modeled independently for each station with a 3D voxel      DESCRIPTION         
model: 72x9x2 cells in local time, latitude and height      DESCRIPTION         
The height boundaries are: 59-739-1419 km                   DESCRIPTION         
The estimates have NOT been interpolated                    DESCRIPTION         
See for instance: Hernandez-Pajares, Juan, Sanz and Sole,   DESCRIPTION         
JGR, Vol.103, N.A9, 20789-20796, 1998                       DESCRIPTION         
Contact e-mail: manuel@ma4.upc.edu  Plots at:               DESCRIPTION         
ftp://g1.upc.es/upc_ionex/                                  DESCRIPTION         
  2022     1     1     0     0     0                        EPOCH OF FIRST MAP  
  2022     1     1    23    59    24                        EPOCH OF LAST MAP   
  7200                                                      INTERVAL            
    13                                                      # OF MAPS IN FILE   
  NONE                                                      MAPPING FUNCTION    
     0.0                                                    ELEVATION CUTOFF    
Phase differences (L1-L2)                                   OBSERVABLES USED    
    48                                                      # OF STATIONS       
   105                                                      # OF SATELLITES     
  6371.0                                                    BASE RADIUS         
     2                                                      MAP DIMENSION       
   450.0 450.0   0.0                                        HGT1 / HGT2 / DHGT  
    87.5 -87.5  -2.5                                        LAT1 / LAT2 / DLAT  
  -180.0 180.0   5.0                                        LON1 / LON2 / DLON  
    -1                                                      EXPONENT            
TEC values in 0.1 tec units;  9999, if no value available   COMMENT             
DIFFERENTIAL CODE BIASES: DCBs vanish                       COMMENT             
in our approach, so we can compute them                     COMMENT             
as post-fit residuals                                       COMMENT             
IGS GPS stations used in the computations:                  COMMENT             
abpo aruc bamf bogt bshm chpg chu2 cusv dra4 dubo eur2 falk COMMENT             
flin frdn glps hksl hkws hlfx holb iisc iqal kokb madr mayg COMMENT             
mbar nlib nrc1 owmg picl pie1 pimo pol2 prd3 ptbb rabt sant COMMENT             
sch2 sthl suth svtl tro1 vald whit will yel3 ykro zeck zim2 COMMENT             
                                                            END OF HEADER       
[from data line 3003]
     8                                                      START OF TEC MAP    
  2022     1     1    14     0     0                        EPOCH OF CURRENT MAP
    87.5-180.0 180.0   5.0 450.0                            LAT/LON1/LON2/DLON/H
   36   36   36   37   36   37   37   37   37   37   37   37   37   37   37   38
   38   38   38   38   37   37   36   36   35   35   35   35   36   36   36   36
   37   37   37   38   38   38   38   38   39   39   39   40   40   40   40   40
   41   41   41   42   42   41   41   41   41   40   40   40   40   40   39   39
   38   38   38   37   37   37   36   36   36
    85.0-180.0 180.0   5.0 450.0                            LAT/LON1/LON2/DLON/H
   37   36   36   36   35   35   35   34   34   35   35   35   35   36   36   36
   36   37   37   37   36   36   35   34   35   35   35   36   36   37   36   37
   37   36   36   36   36   36   37   37   37   37   38   38   39   39   39   40
   40   40   41   42   43   44   44   44   43   43   43   42   42   41   41   40
   38   38   38   37   37   37   37   37   37
    82.5-180.0 180.0   5.0 450.0                            LAT/LON1/LON2/DLON/H
   39   40   38   38   37   36   36   36   35   35   35   35   35   35   35   35
   36   36   37   36   34   34   34   34   36   38   40   37   37   35   34   33
   33   33   33   33   33   33   34   34   34   35   35   36   36   36   37   38
   38   39   41   41   42   44   46   46   46   46   45   45   45   44   44   43
   43   43   43   41   41   41   41   39   39
    80.0-180.0 180.0   5.0 450.0                            LAT/LON1/LON2/DLON/H
   44   42   40   39   37   36   33   33   31   30   29   32   33   36   39   39
   40   40   40   39   38   33   33   37   36   36   36   35   36   36   37   37
   36   36   35   34   34   32   32   31   31   31   32   32   32   33   33   34
   35   36   38   40   42   44   47   49   49   49   48   49   49   49   50   49
   49   49   49   46   47   46   44   44   44
    77.5-180.0 180.0   5.0 450.0                            LAT/LON1/LON2/DLON/H
   46   44   42   40   37   34   30   29   29   29   30   30   31   32   34   36
   37   38   41   45   45   39   41   41   44   37   34   38   39   41   41   40
   39   38   35   33   32   31   31   30   30   29   30   30   30   30   30   31
   32   34   37   39   43   46   49   51   52   51   51   52   53   54   54   54
   54   53   53   52   52   51   49   49   46
    75.0-180.0 180.0   5.0 450.0                            LAT/LON1/LON2/DLON/H
   50   47   45   41   38   35   34   34   32   30   30   31   31   32   32   33
   39   46   49   48   43   42   42   46   45   45   44   43   40   42   45   46
   47   46   45   40   36   33   32   30   29   28   28   29   30   30   29   29
   30   33   35   39   42   45   47   53   53   53   53   55   56   58   58   59
   59   59   59   57   57   54   53   51   50
    72.5-180.0 180.0   5.0 450.0                            LAT/LON1/LON2/DLON/H
   53   50   48   45   42   43   40   37   37   35   33   33   34   35   34   37
   41   47   49   48   46   45   45   46   53   53   56   52   52   54   53   54
   57   56   52   49   47   42   38   35   34   30   30   30   31   31   30   31
   31   34   36   39   41   45   48   52   55   55   55   57   60   61   62   63
   64   62   62   61   59   57   55   54   53
    70.0-180.0 180.0   5.0 450.0                            LAT/LON1/LON2/DLON/H
   54   51   49   47   47   46   44   41   39   37   37   38   39   36   36   37
   39   42   43   46   49   51   50   49   56   63   67   64   65   64   65   68
   67   66   64   61   56   52   50   48   41   38   36   34   33   33   33   34
   36   36   39   40   42   44   49   53   56   56   57   59   62   64   66   67
   68   66   66   65   62   59   57   56   54
    67.5-180.0 180.0   5.0 450.0                            LAT/LON1/LON2/DLON/H
   55   51   47   46   45   45   43   41   40   39   38   38   36   34   34   33
   35   38   41   45   52   55   55   54   59   69   76   77   75   75   79   78
   79   78   75   70   66   63   62   57   52   50   46   39   36   36   37   40
   41   41   42   42   44   46   52   56   58   58   59   62   65   68   70   71
   72   70   70   69   67   63   62   60   55
    65.0-180.0 180.0   5.0 450.0                            LAT/LON1/LON2/DLON/H
   57   53   46   43   40   41   41   40   40   40   38   38   37   35   33   33
   36   37   41   45   50   55   57   60   63   76   81   86   86   87   89   89
   92   90   86   79   75   73   71   65   63   58   53   46   43   41   43   43
   45   45   46   46   47   51   53   59   61   61   61   66   68   71   74   76
   76   76   76   75   70   69   66   63   57
    62.5-180.0 180.0   5.0 450.0                            LAT/LON1/LON2/DLON/H
   61   55   48   42   39   41   42   40   40   39   39   39   38   36   34   34
   35   37   39   43   48   54   59   66   69   81   88   91   93   97   98  100
  103  104   97   91   86   81   79   76   72   67   62   54   50   49   49   48
   49   49   50   50   51   54   56   60   62   62   63   68   71   75   77   80
   81   80   80   78   76   74   72   66   61
    60.0-180.0 180.0   5.0 450.0                            LAT/LON1/LON2/DLON/H
   67   59   56   46   44   45   46   43   40   39   38   38   37   35   33   33
   34   36   38   44   50   57   65   73   76   85   93   97  101  105  106  106
  110  115  112  105   97   90   85   84   81   73   69   62   57   56   55   54
   55   54   54   54   55   56   58   61   62   61   62   68   72   77   80   83
   85   85   85   83   81   80   76   74   67
    57.5-180.0 180.0   5.0 450.0                            LAT/LON1/LON2/DLON/H
   75   69   62   57   54   52   52   46   39   38   36   34   36   32   31   31
   32   35   40   48   56   64   73   81   86   92   99  105  109  112  111  112
  114  117  118  112  106   97   91   91   88   86   79   73   64   63   61   60
   61   59   57   57   57   57   58   59   60   59   60   67   72   79   82   86
   88   89   89   88   85   84   82   78   75
    55.0-180.0 180.0   5.0 450.0                            LAT/LON1/LON2/DLON/H
   81   77   70   66   63   60   57   48   43   40   36   34   36   33   31   30
   31   35   43   54   65   71   81   90   95  103  107  112  117  119  117  118
  119  120  124  118  110  106  101   99   95   94   89   80   73   69   65   65
   64   59   57   56   57   57   57   57   58   56   58   67   72   80   85   88
   91   92   92   90   89   88   86   83   81
    52.5-180.0 180.0   5.0 450.0                            LAT/LON1/LON2/DLON/H
   84   81   76   71   68   65   62   59   54   49   42   38   39   36   35   33
   32   38   47   59   73   80   90   98  105  112  116  121  123  123  123  124
  127  126  130  124  116  114  111  108  107  104  100   92   81   72   67   65
   62   58   55   54   55   57   57   58   58   58   60   68   73   81   87   89
   92   94   94   93   92   91   89   86   84
    50.0-180.0 180.0   5.0 450.0                            LAT/LON1/LON2/DLON/H
   85   82   78   75   71   67   66   65   65   59   52   47   45   42   39   38
   39   44   55   66   80   89   99  107  114  122  124  128  129  128  126  129
  132  132  137  134  127  127  126  118  114  108  105   99   91   81   69   63
   61   57   54   55   57   60   60   61   63   64   65   72   79   83   88   91
   93   95   95   94   93   92   91   88   85
    47.5-180.0 180.0   5.0 450.0                            LAT/LON1/LON2/DLON/H
   86   83   79   75   72   68   66   66   68   65   61   54   50   47   46   46
   47   55   65   75   88   99  107  115  120  130  131  137  137  133  130  131
  137  137  139  139  137  138  136  132  118  105  102  102   96   84   72   67
   62   61   60   60   62   65   65   66   69   70   71   76   82   84   88   91
   93   94   94   94   93   92   90   88   86
    45.0-180.0 180.0   5.0 450.0                            LAT/LON1/LON2/DLON/H
   85   82   79   75   71   67   65   66   68   66   64   59   54   53   54   54
   55   66   75   86   96  109  117  126  130  140  142  150  149  140  132  132
  138  138  136  139  141  144  144  137  122  105   99   98   94   86   79   74
   69   69   67   69   70   72   71   73   75   77   77   81   84   86   88   89
   91   92   92   91   92   91   89   87   85
    42.5-180.0 180.0   5.0 450.0                            LAT/LON1/LON2/DLON/H
   82   80   77   74   70   66   65   65   66   64   63   61   57   57   58   62
   68   76   84   93  103  119  125  137  142  153  154  158  158  147  135  131
  137  138  137  140  146  149  149  144  132  114  105   97   97   93   85   79
   80   79   76   75   74   75   77   79   80   81   82   84   85   86   87   87
   88   89   89   88   89   89   85   84   82
    40.0-180.0 180.0   5.0 450.0                            LAT/LON1/LON2/DLON/H
   79   76   73   70   67   65   64   65   65   63   62   61   59   59   62   69
   78   87   97  105  114  130  134  146  153  164  164  163  161  152  139  133
  136  139  142  146  152  154  153  151  141  125  116  106  104   98   89   85
   85   84   80   72   68   72   76   80   81   81   82   84   85   85   85   84
   84   86   86   84   84   83   80   80   79
    37.5-180.0 180.0   5.0 450.0                            LAT/LON1/LON2/DLON/H
   74   70   69   66   64   63   62   62   62   62   61   62   61   62   67   80
   88   97  110  117  128  141  145  153  162  169  170  168  165  155  144  137
  137  143  147  154  157  159  160  156  148  140  124  113  108   99   91   85
   84   79   74   67   64   67   73   78   80   79   80   82   83   82   81   79
   79   80   80   81   80   78   76   75   74
    35.0-180.0 180.0   5.0 450.0                            LAT/LON1/LON2/DLON/H
   69   65   63   62   60   59   59   60   59   59   60   64   66   68   77   87
   96  107  118  124  136  151  155  157  168  173  175  173  169  162  151  143
  142  148  154  160  166  171  169  160  152  140  122  110  111  104   93   86
   79   71   66   69   68   66   71   75   77   75   77   79   80   78   76   72
   73   76   76   78   78   75   72   70   69
    32.5-180.0 180.0   5.0 450.0                            LAT/LON1/LON2/DLON/H
   65   62   60   58   57   57   57   57   56   55   57   65   69   75   84   94
  105  120  126  131  146  158  164  164  174  179  179  178  176  170  164  154
  154  161  163  170  176  188  183  171  161  145  124  120  122  113   99   87
   79   70   69   74   73   70   71   74   74   72   73   77   77   73   69   63
   65   72   72   78   77   75   72   69   65
    30.0-180.0 180.0   5.0 450.0                            LAT/LON1/LON2/DLON/H
   67   64   62   59   57   58   57   56   54   54   57   62   68   76   87  101
  118  129  135  139  152  162  171  171  179  184  185  186  187  184  180  171
  177  177  176  184  194  209  199  190  183  175  160  153  145  121  102   93
   88   81   83   83   82   77   77   75   74   72   71   75   73   69   64   61
   63   72   72   79   78   77   76   72   67
    27.5-180.0 180.0   5.0 450.0                            LAT/LON1/LON2/DLON/H
   74   73   73   67   62   61   59   58   54   54   57   60   66   76   88  104
  120  133  141  146  157  165  172  176  183  190  193  198  201  202  203  199
  202  199  194  213  238  240  240  233  227  208  196  187  168  138  116  112
  106  110  101  102   99   92   90   84   84   82   77   76   76   74   72   70
   71   79   79   84   82   82   80   77   74
    25.0-180.0 180.0   5.0 450.0                            LAT/LON1/LON2/DLON/H
   79   82   83   78   70   64   61   60   57   56   58   61   64   75   93  106
  120  133  143  151  159  167  174  180  189  197  203  214  227  228  236  232
  238  236  228  252  278  285  285  274  257  240  230  213  192  162  147  145
  141  136  132  131  123  113  113  105  102   96   92   91   91   91   90   87
   90   90   90   91   88   87   83   80   79
    22.5-180.0 180.0   5.0 450.0                            LAT/LON1/LON2/DLON/H
   79   83   84   83   76   68   63   62   61   61   63   63   66   77   95  108
  122  135  145  155  162  170  177  184  196  206  216  231  241  264  278  278
  289  294  291  319  344  340  323  296  276  261  248  236  229  212  198  175
  176  179  172  169  156  153  143  137  135  121  117  114  110  109  109  106
  107  105  105  101   96   94   87   81   79
    20.0-180.0 180.0   5.0 450.0                            LAT/LON1/LON2/DLON/H
   79   81   83   83   80   73   68   66   66   66   69   70   73   82   98  112
  126  139  151  159  165  173  182  190  204  216  229  248  265  291  331  339
  342  352  366  384  385  364  330  305  287  277  265  266  272  260  252  238
  228  230  219  213  194  190  179  179  170  155  147  141  136  134  132  132
  124  121  121  115  108  102   95   86   79
    17.5-180.0 180.0   5.0 450.0                            LAT/LON1/LON2/DLON/H
   88   87   85   83   81   77   72   71   72   74   75   78   82   93  105  121
  132  147  158  165  170  178  189  199  215  227  242  266  288  315  346  372
  367  372  407  404  382  358  331  313  300  293  292  302  310  313  296  286
  279  280  264  251  233  223  211  207  199  186  179  172  167  164  159  159
  147  142  142  127  122  112  105   98   88
    15.0-180.0 180.0   5.0 450.0                            LAT/LON1/LON2/DLON/H
  104   97   94   88   82   77   73   71   74   77   80   85   90  103  113  131
  140  157  166  173  177  188  203  214  224  238  254  280  305  328  355  376
  367  356  378  376  367  345  339  326  314  312  320  328  346  338  327  326
  322  318  296  278  261  251  239  234  219  210  203  195  190  185  180  179
  168  160  160  144  136  124  120  114  104
    12.5-180.0 180.0   5.0 450.0                            LAT/LON1/LON2/DLON/H
  122  113  107   98   88   81   76   73   75   79   84   89   98  115  124  142
  154  170  181  187  193  209  225  233  235  248  268  294  316  336  354  365
  359  345  349  357  348  346  351  345  333  337  346  351  358  351  348  353
  349  335  310  286  269  260  252  239  227  219  211  202  195  190  187  184
  177  170  170  158  150  141  131  131  122
    10.0-180.0 180.0   5.0 450.0                            LAT/LON1/LON2/DLON/H
  138  128  119  114  103   94   88   85   84   86   91   99  105  124  139  155
  170  189  201  210  219  234  246  248  249  265  284  309  329  346  360  367
  365  357  360  363  360  366  367  358  352  352  358  363  366  362  364  367
  356  332  299  279  254  250  237  227  222  215  206  199  192  186  185  181
  176  173  173  168  162  157  149  142  138
     7.5-180.0 180.0   5.0 450.0                            LAT/LON1/LON2/DLON/H
  157  148  139  125  118  109  104   99   97  100  106  109  117  133  154  169
  186  207  224  238  245  254  262  267  270  288  302  321  344  360  374  381
  385  378  380  383  388  387  382  370  361  359  365  371  373  379  380  372
  346  321  287  256  235  224  212  212  211  206  199  195  189  182  179  175
  174  174  174  175  172  168  162  158  157
     5.0-180.0 180.0   5.0 450.0                            LAT/LON1/LON2/DLON/H
  171  163  156  142  138  129  122  115  115  115  118  124  129  141  164  184
  203  226  244  261  265  271  282  289  295  306  320  336  358  374  391  402
  409  405  396  396  399  398  390  379  370  372  379  381  382  389  386  370
  343  306  265  235  216  204  198  202  203  200  197  197  194  185  178  175
  175  179  179  182  180  178  174  172  171
     2.5-180.0 180.0   5.0 450.0                            LAT/LON1/LON2/DLON/H
  184  177  170  158  153  145  139  131  129  127  129  135  140  149  169  196
  220  241  258  277  285  293  300  304  311  322  335  348  366  386  404  423
  426  418  412  405  406  405  396  387  382  386  393  395  395  393  382  365
  331  292  252  225  208  196  193  198  200  200  201  204  203  196  186  183
  182  189  189  190  190  189  185  184  184
