gnssbox/ioGnss/Example/uprg0010.22i
     1.0            IONOSPHERE MAPS     GPS                 IONEX VERSION / TYPE
map2ionex           UPC-IonSAT          2 January 2022 17:16PGM / RUN BY / DATE 
Raw map                                                     COMMENT             
Global ionosphere raw maps for day 001, 2022                DESCRIPTION         
Modeled independently for each station with a 3D voxel      DESCRIPTION         
model: 72x9x2 cells in local time, latitude and height      DESCRIPTION         
The height boundaries are: 59-739-1419 km                   DESCRIPTION         
The estimates have NOT been interpolated                    DESCRIPTION         
See for instance: Hernandez-Pajares, Juan, Sanz and Sole,   DESCRIPTION         
JGR, Vol.103, N.A9, 20789-20796, 1998                       DESCRIPTION         
Contact e-mail: manuel@ma4.upc.edu  Plots at:               DESCRIPTION         
ftp://g1.upc.es/upc_ionex/                                  DESCRIPTION         
  2022     1     1     0     0     0                        EPOCH OF FIRST MAP  
  2022     1     1    23    59    24                        EPOCH OF LAST MAP   
  7200                                                      INTERVAL            
    13                                                      # OF MAPS IN FILE   
  NONE                                                      MAPPING FUNCTION    
     0.0                                                    ELEVATION CUTOFF    
Phase differences (L1-L2)                                   OBSERVABLES USED    
    48                                                      # OF STATIONS       
   105                                                      # OF SATELLITES     
  6371.0                                                    BASE RADIUS         
     2                                                      MAP DIMENSION       
   450.0 450.0   0.0                                        HGT1 / HGT2 / DHGT  
    87.5 -87.5  -2.5                                        LAT1 / LAT2 / DLAT  
  -180.0 180.0   5.0                                        LON1 / LON2 / DLON  
    -1                                                      EXPONENT            
TEC values in 0.1 tec units;  9999, if no value available   COMMENT             
DIFFERENTIAL CODE BIASES: DCBs vanish                       COMMENT             
in our approach, so we can compute them                     COMMENT             
as post-fit residuals                                       COMMENT             
IGS GPS stations used in the computations:                  COMMENT             
abpo aruc bamf bogt bshm chpg chu2 cusv dra4 dubo eur2 falk COMMENT             
flin frdn glps hksl hkws hlfx holb iisc iqal kokb madr mayg COMMENT             
mbar nlib nrc1 owmg picl pie1 pimo pol2 prd3 ptbb rabt sant COMMENT             
sch2 sthl suth svtl tro1 vald whit will yel3 ykro zeck zim2 COMMENT             
                                                            END OF HEADER       
[from data line 2145]
     6                                                      START OF TEC MAP    
  2022     1     1    10     0     0                        EPOCH OF CURRENT MAP
    87.5-180.0 180.0   5.0 450.0                            LAT/LON1/LON2/DLON/H
   39   39   39   39   38   37   37   37   37   38   37   37   36   36   36   36
   36   37   37   38   39   39   40   40   41   41   41   41   41   41   41   41
   41   41   41   41   41   41   41   41   41   42   42   42   42   42   42   42
   42   42   43   43   43   43   43   43   43   43   43   43   43   43   42   42
   41   41   41   41   41   40   40   39   39
    85.0-180.0 180.0   5.0 450.0                            LAT/LON1/LON2/DLON/H
   42   41   41   42   42   42   42   41   41   41   41   41   41   41   41   41
   40   39   37   34   34   35   36   36   36   36   36   37   36   36   36   36
   36   36   36   36   35   35   36   36   36   36   38   37   38   39   39   40
   41   42   43   43   45   45   46   46   46   46   46   46   46   46   46   45
   45   45   44   43   43   42   42   42   42
    82.5-180.0 180.0   5.0 450.0                            LAT/LON1/LON2/DLON/H
   46   46   44   44   43   42   42   42   40   40   39   39   39   39   38   38
   38   37   38   37   36   33   31   30   31   32   33   35   36   37   37   38
   38   37   37   36   36   35   35   35   35   34   35   36   36   38   39   40
   43   44   45   45   48   49   50   51   51   51   51   51   51   51   51   51
   51   51   49   47   47   48   47   46   46
    80.0-180.0 180.0   5.0 450.0                            LAT/LON1/LON2/DLON/H
   50   48   47   46   45   44   44   44   44   44   42   39   38   37   36   36
   36   35   35   35   34   34   30   30   35   37   38   38   39   39   40   39
   39   39   40   41   41   41   42   41   40   41   40   40   42   42   45   46
   48   51   51   52   55   55   57   57   58   58   57   58   58   58   58   57
   57   57   56   54   54   53   51   51   50
    77.5-180.0 180.0   5.0 450.0                            LAT/LON1/LON2/DLON/H
   52   50   49   47   47   46   46   45   41   38   36   34   35   35   35   35
   34   34   33   36   37   38   40   35   31   33   34   37   38   39   40   40
   41   40   40   40   40   42   44   47   47   49   50   49   50   52   54   55
   56   61   61   61   63   64   66   66   65   65   64   64   64   64   63   64
   64   63   61   60   59   57   55   54   52
    75.0-180.0 180.0   5.0 450.0                            LAT/LON1/LON2/DLON/H
   54   51   49   47   45   44   44   39   36   34   33   34   34   34   34   33
   33   34   33   34   34   36   38   37   36   34   36   35   34   36   39   39
   40   41   42   43   42   44   49   50   54   56   57   60   59   62   61   63
   66   69   71   71   73   73   75   74   73   72   72   71   69   70   70   70
   70   70   66   64   63   59   57   56   54
    72.5-180.0 180.0   5.0 450.0                            LAT/LON1/LON2/DLON/H
   54   51   49   45   43   39   39   36   35   33   34   34   36   36   35   33
   31   30   31   30   34   31   36   37   38   36   36   38   37   34   36   39
   40   41   42   45   47   52   54   60   64   65   69   68   70   72   72   75
   76   79   78   79   80   81   81   82   81   80   79   78   77   77   76   77
   76   74   71   69   64   59   58   56   54
    70.0-180.0 180.0   5.0 450.0                            LAT/LON1/LON2/DLON/H
   52   49   46   44   42   40   40   38   35   34   36   38   38   37   35   32
   30   30   29   31   32   32   35   37   38   38   37   39   39   37   36   38
   41   43   45   49   50   54   61   68   72   77   82   81   82   82   82   82
   86   85   87   87   87   89   88   88   88   87   86   84   84   84   83   83
   83   79   76   74   67   62   59   54   52
    67.5-180.0 180.0   5.0 450.0                            LAT/LON1/LON2/DLON/H
   50   48   45   44   43   42   42   39   40   40   39   39   38   37   33   32
   31   30   30   33   32   34   35   37   39   40   39   39   40   40   40   38
   40   43   48   52   54   61   68   76   81   87   90   92   94   91   92   93
   93   92   93   94   93   94   93   93   93   92   91   89   89   90   90   89
   89   86   83   80   74   67   61   55   50
    65.0-180.0 180.0   5.0 450.0                            LAT/LON1/LON2/DLON/H
   53   50   46   43   41   42   42   41   43   44   42   40   39   38   36   34
   35   32   35   34   33   36   36   38   40   42   39   37   39   42   43   41
   41   44   50   54   60   67   73   80   87   93   97  101  103  102  103   99
   99  100  100  100   99  100   99   98   97   95   94   93   94   94   95   95
   93   93   89   86   78   75   65   60   53
    62.5-180.0 180.0   5.0 450.0                            LAT/LON1/LON2/DLON/H
   61   53   47   41   40   42   42   40   42   42   42   40   41   39   38   37
   38   36   37   38   36   39   38   40   42   41   39   36   38   42   45   45
   46   49   53   59   66   72   78   85   94   99  104  109  111  111  111  107
  108  107  107  105  105  104  103  101  100   99   98   97   98   99   99  100
  100   98   96   90   87   80   74   66   61
    60.0-180.0 180.0   5.0 450.0                            LAT/LON1/LON2/DLON/H
   68   57   53   45   43   42   42   39   38   39   38   38   41   39   40   38
   40   41   38   40   39   42   41   40   42   39   37   36   39   43   47   49
   52   56   59   66   73   81   85   93  100  105  111  116  117  119  119  118
  116  115  113  111  108  106  104  103  102  101  100  100  101  102  103  104
  104  103  101   97   94   91   84   80   68
    57.5-180.0 180.0   5.0 450.0                            LAT/LON1/LON2/DLON/H
   75   66   59   56   51   47   47   43   39   38   38   37   39   39   39   38
   40   41   39   41   43   42   43   41   40   37   35   34   37   44   49   55
   59   62   69   77   82   87   94  100  106  114  118  124  126  127  125  125
  124  121  117  114  110  107  104  102  101  101  101  101  102  104  105  106
  106  107  106  103  101   96   92   84   75
    55.0-180.0 180.0   5.0 450.0                            LAT/LON1/LON2/DLON/H
   83   75   68   66   60   55   55   48   46   44   41   39   37   37   36   36
   39   39   38   40   42   40   40   40   39   36   34   33   37   45   52   64
   69   73   79   86   91   95  100  106  110  117  126  132  133  131  129  129
  128  124  120  115  110  106  101   99   98   99  100  101  103  105  107  108
  108  109  110  108  107  104  100   93   83
    52.5-180.0 180.0   5.0 450.0                            LAT/LON1/LON2/DLON/H
   90   83   77   71   66   62   62   59   55   52   47   43   42   39   39   38
   37   36   37   38   38   38   37   37   41   38   34   36   41   52   59   73
   80   82   88   94   98  103  108  112  119  124  130  134  134  131  130  130
  129  127  122  115  110  105  100   97   94   96   99  102  104  106  108  108
  109  111  113  112  113  111  107   95   90
    50.0-180.0 180.0   5.0 450.0                            LAT/LON1/LON2/DLON/H
   93   87   82   77   72   68   68   64   63   60   55   53   53   47   45   45
   42   40   38   37   38   39   40   38   41   41   37   40   48   57   68   82
   88   94   99  104  107  113  119  118  124  130  132  129  129  128  129  131
  130  129  123  115  110  105  100   98   95   97  100  104  107  108  109  110
  111  113  115  115  117  115  112  101   93
    47.5-180.0 180.0   5.0 450.0                            LAT/LON1/LON2/DLON/H
   97   92   86   79   75   70   70   67   67   66   63   63   63   58   54   53
   51   50   46   45   44   45   45   43   43   44   42   47   55   68   79   91
  101  107  111  112  117  122  126  131  132  132  129  126  126  128  131  135
  132  130  124  119  112  109  105  103  100  102  104  107  110  111  112  113
  113  115  117  118  120  119  114  103   97
    45.0-180.0 180.0   5.0 450.0                            LAT/LON1/LON2/DLON/H
  100   95   89   82   76   72   72   68   66   66   67   68   69   65   61   58
   58   59   57   57   55   55   54   51   50   51   50   56   63   72   91  103
  112  119  123  126  127  131  136  141  139  134  129  126  130  132  135  140
  136  131  126  122  118  117  115  111  108  109  110  112  113  114  114  114
  115  117  118  120  121  121  116  104  100
    42.5-180.0 180.0   5.0 450.0                            LAT/LON1/LON2/DLON/H
  100   95   90   84   77   73   73   68   65   64   67   68   69   67   64   62
   63   65   64   65   66   66   63   60   59   60   60   65   73   83  101  113
  120  129  132  133  136  139  142  147  145  135  132  134  137  139  140  141
  138  137  131  128  127  126  124  119  115  114  114  114  115  115  114  114
  115  116  116  120  122  122  115  106  100
    40.0-180.0 180.0   5.0 450.0                            LAT/LON1/LON2/DLON/H
  101   95   89   82   76   72   72   68   65   62   66   68   70   70   66   65
   67   68   69   69   70   74   72   69   68   69   69   75   83   96  110  118
  128  136  140  142  146  149  155  155  149  138  139  142  145  144  142  142
  142  144  139  138  137  134  131  124  120  118  116  114  114  113  113  111
  112  113  113  118  121  121  115  106  101
    37.5-180.0 180.0   5.0 450.0                            LAT/LON1/LON2/DLON/H
  100   93   88   81   75   71   71   66   63   61   65   69   73   74   70   68
   69   69   71   72   74   79   79   75   75   77   76   82   91  105  116  123
  133  141  145  152  156  162  167  167  159  150  145  151  152  144  138  142
  143  148  147  148  146  141  135  128  123  119  116  113  112  111  110  107
  107  107  107  114  118  120  112  105  100
    35.0-180.0 180.0   5.0 450.0                            LAT/LON1/LON2/DLON/H
   96   90   83   78   72   66   66   61   61   62   65   71   76   76   75   73
   71   71   72   75   78   82   82   79   78   81   79   88   99  109  120  125
  134  144  151  163  171  178  178  176  172  164  159  163  160  146  138  142
  149  154  154  154  152  146  140  134  127  122  117  114  112  108  105  101
  101  102  101  108  113  117  112  104   96
    32.5-180.0 180.0   5.0 450.0                            LAT/LON1/LON2/DLON/H
   94   84   78   73   68   57   57   55   57   61   65   72   74   73   77   80
   77   77   77   79   82   84   84   82   81   84   84   95  107  115  122  127
  137  151  163  177  185  195  190  184  180  181  177  183  179  164  161  160
  161  163  163  165  162  155  154  148  137  133  124  119  114  106   98   94
   96   98   97  102  105  111  110  104   94
    30.0-180.0 180.0   5.0 450.0                            LAT/LON1/LON2/DLON/H
   94   80   71   69   63   55   55   48   50   58   61   66   68   67   74   84
   84   83   82   83   83   85   86   84   83   87   89  102  113  118  123  129
  142  160  174  188  200  208  198  195  192  201  208  213  209  196  192  184
  177  179  184  184  182  177  182  176  168  157  143  134  124  109   95   91
   94   99   99  102  105  107  105  102   94
    27.5-180.0 180.0   5.0 450.0                            LAT/LON1/LON2/DLON/H
   97   86   74   68   63   56   56   43   43   51   56   60   62   61   68   82
   86   86   84   83   83   84   85   84   85   88   92  105  115  121  126  133
  142  160  180  200  217  224  220  223  213  211  227  239  228  216  208  198
  191  201  206  212  215  213  227  225  216  199  177  162  146  127  108  101
  103  109  110  112  110  106  100   98   97
    25.0-180.0 180.0   5.0 450.0                            LAT/LON1/LON2/DLON/H
  104   99   86   76   69   62   62   50   43   47   55   57   58   58   65   76
   82   84   83   81   81   82   83   83   85   87   93  105  115  121  128  135
  145  164  180  202  232  241  247  253  234  224  242  252  237  224  218  212
  216  222  239  249  256  260  282  287  275  255  224  203  185  166  141  128
  127  125  130  126  122  115  103  101  104
    22.5-180.0 180.0   5.0 450.0                            LAT/LON1/LON2/DLON/H
  110   98   85   83   82   74   74   64   54   53   58   58   58   57   62   70
   76   79   81   79   79   79   80   81   83   86   93  104  113  124  132  139
  150  165  180  212  249  266  277  281  263  247  258  261  252  242  249  234
  249  267  278  290  298  315  325  335  328  314  284  263  245  220  188  169
  151  143  149  142  136  130  117  115  110
    20.0-180.0 180.0   5.0 450.0                            LAT/LON1/LON2/DLON/H
  115   96   74   71   84   85   85   74   65   64   63   62   61   60   61   65
   71   74   76   76   76   77   77   78   79   83   92  104  116  130  138  145
  157  171  190  228  265  285  300  316  305  295  280  281  278  278  287  296
  304  314  316  325  330  341  348  363  368  358  340  321  302  273  236  210
  176  165  168  159  151  145  133  126  115
    17.5-180.0 180.0   5.0 450.0                            LAT/LON1/LON2/DLON/H
  123  102   69   59   72   88   88   85   75   71   69   69   66   64   61   62
   67   71   73   73   74   74   73   73   74   79   92  107  121  134  146  158
  174  191  211  247  278  299  322  343  343  327  313  312  299  306  323  338
  345  350  348  354  354  359  366  381  387  384  372  352  334  308  272  246
  213  195  186  175  172  160  147  137  123
    15.0-180.0 180.0   5.0 450.0                            LAT/LON1/LON2/DLON/H
  134  112   85   68   65   81   81   88   81   77   76   75   72   70   63   62
   64   68   71   72   72   72   70   70   72   79   94  112  128  144  159  172
  189  206  237  263  281  312  340  359  363  356  343  335  326  334  347  357
  364  372  373  375  374  378  388  394  396  392  379  356  339  322  292  268
  241  218  202  194  185  171  163  149  134
    12.5-180.0 180.0   5.0 450.0                            LAT/LON1/LON2/DLON/H
  145  129  108   89   74   76   76   89   84   83   83   80   78   76   69   67
   66   66   70   72   72   72   71   71   75   85  101  120  137  154  174  191
  203  224  245  266  292  319  343  363  377  377  364  357  358  356  363  368
  374  380  382  381  381  387  395  394  387  379  365  342  323  309  291  270
  253  232  217  208  198  187  173  160  145
    10.0-180.0 180.0   5.0 450.0                            LAT/LON1/LON2/DLON/H
  163  145  126  109   94   87   87   96   91   90   91   86   83   82   76   77
   75   71   74   76   75   76   76   79   84   98  112  131  147  165  186  204
  215  231  252  275  299  321  340  359  371  377  373  374  381  379  378  378
  379  377  375  374  372  381  384  375  367  353  337  320  298  283  273  257
  248  233  223  216  210  199  185  172  163
     7.5-180.0 180.0   5.0 450.0                            LAT/LON1/LON2/DLON/H
  177  162  147  128  118  106  106  105  101   98   96   91   87   87   87   87
   86   81   80   83   83   84   86   92  100  117  127  144  159  176  197  212
  225  240  261  283  302  316  330  348  360  369  378  391  407  409  401  387
  382  376  369  365  361  363  363  358  348  329  313  300  277  258  249  235
  229  224  221  219  216  207  196  185  177
     5.0-180.0 180.0   5.0 450.0                            LAT/LON1/LON2/DLON/H
  190  178  166  150  140  129  129  115  113  108  102   96   92   92   94   95
   94   89   85   87   89   92   97  104  116  129  139  152  171  187  206  220
  233  247  266  284  296  308  322  338  351  365  386  408  423  430  419  398
  391  381  369  361  359  356  354  348  335  315  301  287  265  242  226  211
  208  212  217  220  220  213  204  196  190
     2.5-180.0 180.0   5.0 450.0                            LAT/LON1/LON2/DLON/H
  200  190  181  167  159  147  147  126  122  117  109  101   95   94   96   99
   97   95   92   92   93  102  108  110  120  132  146  159  175  192  211  224
  236  246  259  276  288  301  319  333  348  366  387  415  436  441  428  412
  402  388  374  365  363  359  354  346  333  317  303  287  265  239  216  203
  201  209  217  223  225  217  211  206  200
