gnssbox/ioGnss/Example/uprg0010.22i
     1.0            IONOSPHERE MAPS     GPS                 IONEX VERSION / TYPE
map2ionex           UPC-IonSAT          2 January 2022 17:16PGM / RUN BY / DATE 
Raw map                                                     COMMENT             
Global ionosphere raw maps for day 001, 2022                DESCRIPTION         
Modeled independently for each station with a 3D voxel      DESCRIPTION         
model: 72x9x2 cells in local time, latitude and height      DESCRIPTION         
The height boundaries are: 59-739-1419 km                   DESCRIPTION         
The estimates have NOT been interpolated                    DESCRIPTION         
See for instance: Hernandez-Pajares, Juan, Sanz and Sole,   DESCRIPTION         
JGR, Vol.103, N.A9, 20789-20796, 1998                       DESCRIPTION         
Contact e-mail: manuel@ma4.upc.edu  Plots at:               DESCRIPTION         
ftp://g1.upc.es/upc_ionex/                                  DESCRIPTION         
  2022     1     1     0     0     0                        EPOCH OF FIRST MAP  
  2022     1     1    23    59    24                        EPOCH OF LAST MAP   
  7200                                                      INTERVAL            
    13                                                      # OF MAPS IN FILE   
  NONE                                                      MAPPING FUNCTION    
     0.0                                                    ELEVATION CUTOFF    
Phase differences (L1-L2)                                   OBSERVABLES USED    
    48                                                      # OF STATIONS       
   105                                                      # OF SATELLITES     
  6371.0                                                    BASE RADIUS         
     2                                                      MAP DIMENSION       
   450.0 450.0   0.0                                        HGT1 / HGT2 / DHGT  
    87.5 -87.5  -2.5                                        LAT1 / LAT2 / DLAT  
  -180.0 180.0   5.0                                        LON1 / LON2 / DLON  
    -1                                                      EXPONENT            
TEC values in 0.1 tec units;  9999, if no value available   COMMENT             
DIFFERENTIAL CODE BIASES: DCBs vanish                       COMMENT             
in our approach, so we can compute them                     COMMENT             
as post-fit residuals                                       COMMENT             
IGS GPS stations used in the computations:                  COMMENT             
abpo aruc bamf bogt bshm chpg chu2 cusv dra4 dubo eur2 falk COMMENT             
flin frdn glps hksl hkws hlfx holb iisc iqal kokb madr mayg COMMENT             
mbar nlib nrc1 owmg picl pie1 pimo pol2 prd3 ptbb rabt sant COMMENT             
sch2 sthl suth svtl tro1 vald whit will yel3 ykro zeck zim2 COMMENT             
                                                            END OF HEADER       
[from data line 1287]
     4                                                      START OF TEC MAP    
  2022     1     1     6     0     0                        EPOCH OF CURRENT MAP
    87.5-180.0 180.0   5.0 450.0                            LAT/LON1/LON2/DLON/H
   52   52   52   52   52   52   52   52   52   52   53   54   54   54   54   55
   55   56   56   56   55   54   54   53   52   51   50   48   47   46   46   46
   46   46   43   43   43   43   43   43   44   44   45   45   45   45   46   47
   48   48   49   49   49   51   51   52   53   53   53   53   53   53   52   52
   52   52   52   52   52   52   52   51   52
    85.0-180.0 180.0   5.0 450.0                            LAT/LON1/LON2/DLON/H
   49   49   49   48   48   48   48   47   47   46   46   46   45   45   45   46
   48   48   48   52   51   49   47   46   45   43   39   38   37   38   38   41
   42   43   43   42   43   43   42   42   42   42   42   42   42   42   42   43
   44   44   45   46   46   47   48   49   51   51   51   51   51   51   51   50
   50   50   50   50   50   50   49   49   49
    82.5-180.0 180.0   5.0 450.0                            LAT/LON1/LON2/DLON/H
   51   51   51   51   51   52   52   52   52   52   52   52   53   53   53   53
   49   47   47   42   45   45   38   40   38   39   41   41   42   42   41   41
   41   41   41   40   40   41   41   42   42   43   43   43   43   43   43   43
   43   43   43   44   44   45   46   46   48   49   51   51   51   51   52   51
   51   51   51   51   51   52   51   51   51
    80.0-180.0 180.0   5.0 450.0                            LAT/LON1/LON2/DLON/H
   55   55   55   54   53   52   50   50   51   51   52   54   55   55   56   57
   56   55   55   53   51   45   37   35   32   30   32   32   34   37   38   39
   41   42   43   42   42   41   41   41   41   41   42   42   43   43   44   44
   44   44   44   44   45   45   46   47   49   51   53   54   55   55   55   55
   55   55   55   55   56   56   55   55   55
    77.5-180.0 180.0   5.0 450.0                            LAT/LON1/LON2/DLON/H
   59   59   56   55   53   51   50   50   52   51   49   46   44   44   44   44
   45   44   44   42   41   38   39   38   36   33   32   33   36   38   39   40
   42   44   46   46   47   48   46   45   44   43   43   43   43   43   43   44
   44   45   46   47   48   51   51   53   55   56   58   59   60   60   60   60
   60   60   59   61   62   60   60   60   59
    75.0-180.0 180.0   5.0 450.0                            LAT/LON1/LON2/DLON/H
   62   60   58   56   56   54   54   57   57   53   47   46   46   51   52   48
   48   44   44   43   37   41   38   37   37   35   32   32   35   38   39   40
   41   43   47   50   51   50   51   50   48   46   44   43   43   44   44   44
   44   46   49   52   55   56   57   60   62   63   64   65   66   66   65   65
   65   66   66   66   65   64   64   62   62
    72.5-180.0 180.0   5.0 450.0                            LAT/LON1/LON2/DLON/H
   63   60   59   57   56   55   56   57   53   49   48   50   55   50   47   47
   46   46   46   38   41   43   35   33   33   36   33   31   33   39   43   45
   48   50   48   50   52   52   51   51   50   48   46   45   45   47   47   48
   49   50   54   57   59   63   64   67   68   70   70   71   72   72   71   71
   71   71   71   70   68   66   65   64   63
    70.0-180.0 180.0   5.0 450.0                            LAT/LON1/LON2/DLON/H
   63   60   57   55   53   53   53   52   49   47   45   49   48   45   43   43
   45   40   40   44   48   43   34   31   30   35   34   32   34   38   44   49
   53   56   56   54   53   52   50   49   49   49   47   46   47   49   52   53
   56   57   61   66   67   71   72   74   75   76   77   77   78   78   77   76
   76   76   75   74   71   68   66   65   63
    67.5-180.0 180.0   5.0 450.0                            LAT/LON1/LON2/DLON/H
   62   60   56   53   49   51   52   50   47   43   44   45   43   41   41   43
   43   42   42   49   46   42   35   33   33   37   39   36   36   39   43   47
   53   58   60   58   55   52   49   48   47   46   46   46   47   50   54   58
   63   66   72   75   76   80   82   82   83   83   83   84   84   83   82   81
   81   81   79   76   74   70   68   66   62
    65.0-180.0 180.0   5.0 450.0                            LAT/LON1/LON2/DLON/H
   63   60   56   51   47   49   51   48   46   42   43   43   40   38   42   43
   45   45   45   46   45   42   40   39   40   43   45   42   41   41   43   45
   48   55   59   59   55   50   46   44   43   42   43   43   46   51   58   61
   69   75   82   85   86   89   89   91   91   91   91   91   90   89   87   86
   85   86   83   81   74   72   70   67   63
    62.5-180.0 180.0   5.0 450.0                            LAT/LON1/LON2/DLON/H
   64   61   57   52   48   50   49   47   44   41   41   41   40   39   41   41
   43   45   45   47   48   47   48   47   49   49   48   46   46   44   44   43
   43   48   56   55   51   45   39   37   35   36   38   43   49   55   63   67
   75   84   90   96   97   99   99   99   99   98   98   97   96   93   92   90
   90   89   87   83   78   74   72   68   64
    60.0-180.0 180.0   5.0 450.0                            LAT/LON1/LON2/DLON/H
   68   63   60   55   52   51   49   44   41   39   39   39   40   40   40   39
   41   45   45   47   48   49   51   52   55   53   50   48   47   44   43   40
   37   43   51   46   43   38   34   30   29   32   39   48   54   64   74   78
   86   91  102  107  108  111  109  108  107  106  105  102  101   99   97   95
   96   94   91   86   81   79   75   72   68
    57.5-180.0 180.0   5.0 450.0                            LAT/LON1/LON2/DLON/H
   72   67   63   58   58   55   49   44   40   39   39   38   38   37   38   38
   41   44   44   46   47   49   50   56   59   56   54   50   46   42   40   36
   33   36   44   40   35   34   31   30   32   36   47   57   69   74   86   91
   96  104  109  117  118  119  116  116  114  112  110  107  106  104  102  101
  102   99   95   91   85   85   80   75   72
    55.0-180.0 180.0   5.0 450.0                            LAT/LON1/LON2/DLON/H
   77   72   67   66   64   60   54   47   46   44   42   39   37   36   35   37
   41   43   43   46   47   47   47   54   60   60   56   50   46   41   38   33
   32   33   36   35   34   33   33   36   37   46   60   70   77   86  100  106
  111  117  120  123  123  123  122  121  118  116  114  112  111  109  107  106
  105  104  100   93   90   88   85   81   77
    52.5-180.0 180.0   5.0 450.0                            LAT/LON1/LON2/DLON/H
   82   77   72   70   69   66   62   59   55   51   47   46   43   40   39   40
   40   41   41   43   43   44   43   47   56   60   55   49   46   42   38   35
   33   33   35   36   37   36   39   43   52   58   72   83   89   94  106  117
  125  129  131  126  125  127  125  124  122  121  120  118  117  115  112  111
  110  107  104   98   95   93   89   84   82
    50.0-180.0 180.0   5.0 450.0                            LAT/LON1/LON2/DLON/H
   84   81   76   74   72   69   66   64   60   58   54   52   52   48   46   46
   44   44   44   43   43   44   45   46   51   57   54   50   47   44   41   38
   36   38   41   41   43   44   46   49   58   69   82   95  100  104  115  127
  132  138  136  133  132  133  130  128  127  129  127  125  123  121  118  117
  115  111  108  102  100   96   93   89   84
    47.5-180.0 180.0   5.0 450.0                            LAT/LON1/LON2/DLON/H
   88   84   78   76   74   71   70   70   67   62   59   57   58   57   56   55
   53   52   52   49   49   51   53   55   55   58   56   56   52   48   45   43
   43   45   48   50   50   52   54   61   68   78   90   99  110  119  130  139
  142  147  144  141  140  139  136  134  135  137  135  131  130  126  123  121
  120  116  112  107  104  100   96   92   88
    45.0-180.0 180.0   5.0 450.0                            LAT/LON1/LON2/DLON/H
   90   84   80   78   75   74   73   72   68   64   62   63   64   64   64   64
   61   60   60   60   60   64   66   65   63   64   64   63   59   52   48   48
   48   52   55   54   55   58   61   66   75   83   93  104  117  132  141  150
  153  155  152  149  146  145  144  144  143  144  141  137  134  132  128  126
  125  121  118  110  108  103   98   93   90
    42.5-180.0 180.0   5.0 450.0                            LAT/LON1/LON2/DLON/H
   88   83   78   77   76   76   75   74   72   67   64   66   67   67   68   67
   65   68   68   73   73   77   79   75   72   73   74   74   66   58   53   53
   54   58   61   59   58   60   63   71   79   90  102  111  125  136  147  156
  164  164  160  159  156  154  157  155  151  150  146  143  139  137  133  131
  129  126  123  116  112  106  100   94   88
    40.0-180.0 180.0   5.0 450.0                            LAT/LON1/LON2/DLON/H
   85   78   74   74   73   74   75   75   75   70   69   69   69   69   68   69
   70   74   74   83   85   87   88   86   82   82   85   84   76   64   59   59
   61   63   66   64   61   63   66   72   84   97  106  119  130  145  154  163
  169  174  171  174  172  167  168  165  159  156  152  148  144  142  138  136
  133  131  129  122  117  108  101   93   85
    37.5-180.0 180.0   5.0 450.0                            LAT/LON1/LON2/DLON/H
   80   70   69   70   71   72   71   74   75   73   73   71   72   74   72   72
   72   81   81   88   92   94   93   93   90   91   93   92   84   71   65   66
   68   69   69   68   66   66   70   77   87  100  115  125  137  151  160  168
  175  180  184  187  182  176  174  170  166  162  159  156  150  148  144  142
  138  135  133  127  123  111   98   89   80
    35.0-180.0 180.0   5.0 450.0                            LAT/LON1/LON2/DLON/H
   69   57   62   66   68   67   64   68   72   75   76   75   77   82   80   78
   76   80   80   92   95   97   97   96   95   95   95   94   88   77   71   71
   71   70   69   69   68   68   72   80   90  106  119  129  139  153  161  170
  178  187  194  195  192  182  177  174  173  169  167  165  160  158  154  151
  144  141  136  131  128  115   98   81   69
    32.5-180.0 180.0   5.0 450.0                            LAT/LON1/LON2/DLON/H
   54   45   56   64   66   60   56   59   64   72   80   83   86   90   88   86
   85   87   87   92   92   93   96   95   94   95   95   93   88   82   78   75
   74   71   71   70   69   69   75   84   97  111  121  129  136  149  159  171
  181  194  205  205  204  191  187  185  188  185  182  178  172  170  167  163
  155  151  140  135  133  120  101   77   54
    30.0-180.0 180.0   5.0 450.0                            LAT/LON1/LON2/DLON/H
   50   30   46   58   60   54   49   53   57   70   80   87   89   91   90   88
   91   91   91   90   86   86   91   94   92   94   94   91   87   83   80   80
   78   72   71   69   68   69   79   94  108  120  124  130  134  146  160  175
  188  205  215  226  230  216  215  210  215  212  210  202  194  191  184  184
  175  169  154  148  143  130  113   87   50
    27.5-180.0 180.0   5.0 450.0                            LAT/LON1/LON2/DLON/H
   72   41   46   46   47   46   42   44   51   64   75   85   88   87   85   83
   88   87   87   86   81   81   87   91   90   92   91   88   85   83   81   81
   77   70   67   65   65   67   81  102  115  126  133  138  142  154  171  187
  204  216  235  257  272  282  267  257  263  253  252  245  236  228  214  219
  206  197  179  171  159  143  134  110   72
    25.0-180.0 180.0   5.0 450.0                            LAT/LON1/LON2/DLON/H
  109   81   65   47   36   34   31   34   44   60   71   81   84   81   77   78
   82   82   82   83   81   81   85   88   89   89   88   85   82   81   77   76
   71   66   63   61   62   67   83  102  116  129  140  148  157  171  190  202
  220  241  265  299  323  338  325  322  321  309  305  301  295  283  266  257
  246  230  209  199  182  167  148  132  109
    22.5-180.0 180.0   5.0 450.0                            LAT/LON1/LON2/DLON/H
  136  108   99   71   49   39   33   28   35   54   70   80   82   78   74   75
   78   79   79   81   81   81   83   85   87   86   85   83   80   76   71   69
   65   61   59   58   60   70   87   99  112  130  145  159  176  197  219  227
  249  271  295  336  362  372  363  359  365  364  359  357  357  346  322  303
  294  267  239  228  210  192  170  152  136
    20.0-180.0 180.0   5.0 450.0                            LAT/LON1/LON2/DLON/H
  162  145  119   99   76   58   61   44   40   54   70   80   81   76   74   74
   76   78   78   80   81   81   82   83   85   84   82   80   77   72   68   62
   59   57   56   55   59   71   84   96  113  135  154  175  186  215  243  265
  283  302  317  348  373  381  377  385  394  399  393  390  394  391  370  344
  328  294  274  255  237  216  194  180  162
    17.5-180.0 180.0   5.0 450.0                            LAT/LON1/LON2/DLON/H
  181  163  142  131  113   96   86   67   66   68   73   79   81   77   75   74
   75   77   77   79   80   80   81   83   84   83   81   79   74   69   64   59
   55   54   53   53   58   67   81   99  114  138  163  185  206  234  268  296
  313  328  335  350  369  383  385  401  410  410  403  399  401  405  403  387
  355  324  296  276  258  237  216  201  181
    15.0-180.0 180.0   5.0 450.0                            LAT/LON1/LON2/DLON/H
  202  179  159  150  138  124  114  109   96   89   84   84   83   86   81   82
   79   77   77   79   79   79   81   83   84   84   81   78   73   68   62   56
   53   52   52   52   56   68   86  102  125  151  173  196  222  247  282  315
  335  347  351  356  367  381  392  406  415  412  406  405  402  403  406  399
  375  341  301  289  274  253  237  221  202
    12.5-180.0 180.0   5.0 450.0                            LAT/LON1/LON2/DLON/H
  222  198  177  166  156  143  134  130  120  111  103  103   96   96   89   94
   90   79   79   81   82   82   84   87   87   88   84   81   74   68   63   57
   53   50   51   54   62   77   98  115  138  159  183  206  230  253  288  325
  346  357  358  356  362  376  383  391  400  404  399  393  388  387  390  386
  374  343  307  297  279  263  245  238  222
    10.0-180.0 180.0   5.0 450.0                            LAT/LON1/LON2/DLON/H
  230  207  193  179  168  157  150  149  142  133  125  127  118  114   99  107
  103   94   94   91   91   92   94   96   94   94   90   84   78   72   66   60
   55   51   54   60   73   91  110  125  145  165  189  212  236  258  292  325
  344  353  350  351  354  363  366  371  379  383  380  373  367  366  370  366
  360  336  305  296  280  265  253  241  230
     7.5-180.0 180.0   5.0 450.0                            LAT/LON1/LON2/DLON/H
  230  215  199  187  175  165  159  162  161  151  149  145  136  132  119  124
  124  119  119  108  107  108  109  108  105  103   95   89   83   77   71   65
   61   58   61   67   80   96  112  128  148  169  192  216  238  260  290  316
  328  335  335  337  343  349  352  357  363  364  361  359  354  351  353  347
  341  322  297  288  272  258  251  241  230
     5.0-180.0 180.0   5.0 450.0                            LAT/LON1/LON2/DLON/H
  227  217  205  192  184  175  170  168  170  167  161  158  156  151  151  148
  151  148  148  128  124  125  125  121  117  113  101   94   88   81   75   71
   67   64   65   70   81   94  109  129  151  174  196  214  238  254  280  302
  310  319  322  326  334  343  349  353  358  359  354  352  348  343  341  333
  325  307  287  279  263  250  244  237  227
     2.5-180.0 180.0   5.0 450.0                            LAT/LON1/LON2/DLON/H
  225  217  207  197  189  181  176  173  176  173  168  169  168  168  171  178
  181  173  173  148  140  139  135  128  122  118  109   99   91   81   77   72
   67   64   64   69   79   94  107  128  154  175  197  218  235  249  268  283
  296  309  316  321  332  343  354  362  366  367  361  355  347  338  332  321
  312  296  277  271  256  244  239  232  225
